local Library = loadstring(game:HttpGet("https://raw.githubusercontent.com/xHeptc/Kavo-UI-Library/main/source.lua"))()
local Window = Library.CreateLib(" Ajay | SprinX (Winx) [Magical Fairy Dust] (MINI GUI)", "Synapse")

local Tab = Window:NewTab("Normal selection")
local PlayerSection = Tab:NewSection("Choose a normal player to play as")

PlayerSection:NewButton("Bloom", "ButtonInfo", function()
    print("Clicked")
    -- Script generated by Nut The Menace Spy - credits to Claudev0#8849

local args = {
    [1] = "BloomNormal"
}

game:GetService("ReplicatedStorage").ChangePlayerCharacter:FireServer(unpack(args))

end)

PlayerSection:NewButton("Stella", "ButtonInfo", function()
    print("Clicked")
    -- Script generated by Nut The Menace Spy - credits to Claudev0#8849

local args = {
    [1] = "StellaNormal"
}

game:GetService("ReplicatedStorage").ChangePlayerCharacter:FireServer(unpack(args))

end)

PlayerSection:NewButton("Flora", "ButtonInfo", function()
    print("Clicked")
    -- Script generated by Nut The Menace Spy - credits to Claudev0#8849

local args = {
    [1] = "FloraNormal"
}

game:GetService("ReplicatedStorage").ChangePlayerCharacter:FireServer(unpack(args))

end)

PlayerSection:NewButton("Bloom", "ButtonInfo", function()
    print("Clicked")
    -- Script generated by Nut The Menace Spy - credits to Claudev0#8849

local args = {
    [1] = "BloomNormal"
}

game:GetService("ReplicatedStorage").ChangePlayerCharacter:FireServer(unpack(args))

end)

PlayerSection:NewButton("Musa", "ButtonInfo", function()
    print("Clicked")
    -- Script generated by Nut The Menace Spy - credits to Claudev0#8849

local args = {
    [1] = "MusaNormal"
}

game:GetService("ReplicatedStorage").ChangePlayerCharacter:FireServer(unpack(args))

end)

PlayerSection:NewButton("Tecna", "ButtonInfo", function()
    print("Clicked")
    -- Script generated by Nut The Menace Spy - credits to Claudev0#8849

local args = {
    [1] = "TecnaNormal"
}

game:GetService("ReplicatedStorage").ChangePlayerCharacter:FireServer(unpack(args))

end)

PlayerSection:NewButton("Icy", "ButtonInfo", function()
    print("Clicked")
    -- Script generated by Nut The Menace Spy - credits to Claudev0#8849

local args = {
    [1] = "IcyNormal"
}

game:GetService("ReplicatedStorage").ChangePlayerCharacter:FireServer(unpack(args))

end)

PlayerSection:NewButton("Darcy", "ButtonInfo", function()
    print("Clicked")
    -- Script generated by Nut The Menace Spy - credits to Claudev0#8849

local args = {
    [1] = "DarcyNormal"
}

game:GetService("ReplicatedStorage").ChangePlayerCharacter:FireServer(unpack(args))

end)

PlayerSection:NewButton("Stormy", "ButtonInfo", function()
    print("Clicked")
    -- Script generated by Nut The Menace Spy - credits to Claudev0#8849

local args = {
    [1] = "StormyNormal"
}

game:GetService("ReplicatedStorage").ChangePlayerCharacter:FireServer(unpack(args))

end)

local Tab = Window:NewTab("Fairy selection")
local FairySection = Tab:NewSection("Choose a Fairy player")

FairySection:NewButton("Fairy Bloom", "ButtonInfo", function()
    print("Clicked")
-- Script generated by Nut The Menace Spy - credits to Claudev0#8849

local args = {
    [1] = "BloomFairy"
}

game:GetService("ReplicatedStorage").ChangePlayerCharacter:FireServer(unpack(args))

end)

FairySection:NewButton("Fairy Stella", "ButtonInfo", function()
    print("Clicked")
-- Script generated by Nut The Menace Spy - credits to Claudev0#8849

local args = {
    [1] = "StellaFairy"
}

game:GetService("ReplicatedStorage").ChangePlayerCharacter:FireServer(unpack(args))

end)

FairySection:NewButton("Fairy Flora", "ButtonInfo", function()
    print("Clicked")
-- Script generated by Nut The Menace Spy - credits to Claudev0#8849

local args = {
    [1] = "FloraFairy"
}

game:GetService("ReplicatedStorage").ChangePlayerCharacter:FireServer(unpack(args))

end)

FairySection:NewButton("Fairy Musa", "ButtonInfo", function()
    print("Clicked")
-- Script generated by Nut The Menace Spy - credits to Claudev0#8849

local args = {
    [1] = "MusaFairy"
}

game:GetService("ReplicatedStorage").ChangePlayerCharacter:FireServer(unpack(args))

end)

FairySection:NewButton("Fairy Tecna", "ButtonInfo", function()
    print("Clicked")
-- Script generated by Nut The Menace Spy - credits to Claudev0#8849

local args = {
    [1] = "TecnaFairy"
}

game:GetService("ReplicatedStorage").ChangePlayerCharacter:FireServer(unpack(args))

end)

local Tab = Window:NewTab("Witch selection")
local WitchSection = Tab:NewSection("Choose a witch to play as")

WitchSection:NewButton("Witch Icy", "ButtonInfo", function()
    print("Clicked")
-- Script generated by Nut The Menace Spy - credits to Claudev0#8849

local args = {
    [1] = "IcyWitch1"
}

game:GetService("ReplicatedStorage").ChangePlayerCharacter:FireServer(unpack(args))

end)

WitchSection:NewButton("Witch Stormy", "ButtonInfo", function()
    print("Clicked")
-- Script generated by Nut The Menace Spy - credits to Claudev0#8849

local args = {
    [1] = "StormyWitch1"
}

game:GetService("ReplicatedStorage").ChangePlayerCharacter:FireServer(unpack(args))

end)

local Tab = Window:NewTab("Teleportation")
local TeleportSection = Tab:NewSection("Teleport to a location")

TeleportSection:NewButton("Castle doors #1", "ButtonInfo", function()
    print("Clicked")
    game.Players.LocalPlayer.Character.HumanoidRootPart.CFrame = CFrame.new(-153.16687, 38.9723129, -156.769745, 0.0541070588, 6.81778047e-08, -0.998535156, 2.33927064e-08, 1, 6.95453934e-08, 0.998535156, -2.71213363e-08, 0.0541070588)
end)

TeleportSection:NewButton("Castle doors #2", "ButtonInfo", function()
    print("Clicked")
    game.Players.LocalPlayer.Character.HumanoidRootPart.CFrame = CFrame.new(-28.0957146, 47.9228706, -403.376343, -0.998906851, -3.6797811e-08, -0.046744857, -3.44667122e-08, 1, -5.06745224e-08, 0.046744857, -4.9007987e-08, -0.998906851)
end)

TeleportSection:NewButton("Castle doors #3", "ButtonInfo", function()
    print("Clicked")
    game.Players.LocalPlayer.Character.HumanoidRootPart.CFrame = CFrame.new(122.971779, 38.974575, -158.637039, -0.00625736127, -7.42729398e-08, 0.99998045, 3.24351959e-08, 1, 7.44773558e-08, -0.99998045, 3.29005942e-08, -0.00625736127)
end)

TeleportSection:NewButton("Castle gate entrance", "ButtonInfo", function()
    print("Clicked")
    game.Players.LocalPlayer.Character.HumanoidRootPart.CFrame = CFrame.new(-30.3244324, 37.9483566, 29.5174599, 0.989464283, -4.05373015e-08, 0.144777, 3.68431508e-08, 1, 2.81972952e-08, -0.144777, -2.25661765e-08, 0.989464283)
end)

TeleportSection:NewButton("Lord Darkar's Lair", "ButtonInfo", function()
    print("Clicked")
    game.Players.LocalPlayer.Character.HumanoidRootPart.CFrame = CFrame.new(-267.872253, -10.1177597, 3527.30298, 0.948288918, -8.84225759e-09, -0.317408442, 1.26270194e-08, 1, 9.86679805e-09, 0.317408442, -1.3364498e-08, 0.948288918)
end)

TeleportSection:NewButton("2nd Castle", "ButtonInfo", function()
    print("Clicked")
    game.Players.LocalPlayer.Character.HumanoidRootPart.CFrame = CFrame.new(2158.30103, 284.52887, 2797.28076, 0.774910688, -0.215472504, 0.594209611, -2.74023115e-08, 0.940099776, 0.340899378, -0.63207078, -0.264166564, 0.728493333)
end)

TeleportSection:NewButton("Pyros Castle", "ButtonInfo", function()
    print("Clicked")
    game.Players.LocalPlayer.Character.HumanoidRootPart.CFrame = CFrame.new(-2411.82495, 136.07547, 181.01062, 0.859850645, -0.0267281551, 0.509845495, 8.50075654e-09, 0.998628676, 0.052352123, -0.510545611, -0.0450150035, 0.858671546)
end)

local Tab = Window:NewTab("Player Mod")
local ModSection = Tab:NewSection("Admin, walkspeed, jumppower, ect... ")

ModSection:NewButton("Infinite yield", "ButtonInfo", function()
    print("Clicked")
    loadstring(game:HttpGet('https://raw.githubusercontent.com/EdgeIY/infiniteyield/master/source'))()
end)

ModSection:NewSlider("Walkspeed", "SliderInfo", 500, 14, function(s) -- 500 (MaxValue) | 0 (MinValue)
    game.Players.LocalPlayer.Character.Humanoid.WalkSpeed = s
end)

local Tab = Window:NewTab("Credits")
local CreditSection = Tab:NewSection("CREDS TO ME FOR MAKING IT DUH (Ajay 🦭#6881)")
local CreditSection = Tab:NewSection("CREDITS TO Claudev0#8849")
local CreditSection = Tab:NewSection("THANK YOU FOR HELPING ME LEARN TO SCRIPT")
local CreditSection = Tab:NewSection("discord.gg/ntm")
local CreditSection = Tab:NewSection("DISCORD SERVER ^^^^")
